594246184,-889192945,-1294740515,1783268038,-1010490373,-1926450094,435747180,18
02243164,-697332090,1064207616,-1440508738,-513578113,-187678984,-913150060,-113
7434065,-1240007569,1463521158,-1259750690,-995821562,549185594,1977026953,49954
9187,-1531030098,-77773220,-1633925430,932342721,233454630,1678292648,41463322,-
1115183627,-1994161225,-1818732697,1536237350,1242656608,-1802870041,-199640129,
-1364926070,784117158,-384574805,1625015895,-913511643,1188806040,-631424031,-63
6056518,-2132880978,-558419019,580827646,372646906,1320254341,-378563860,2136962
60,-87882473,-1803885620,-1619903067,1316549816,653220768,-501971530,-1080711936
,80033555,-641960936,-2082520288,-858588579,1681286135,-574086244,-1174447521,-1
029708003,-812368860,1152897091,-624640166,434671272,1720600938,1547566534,-1037
440039,1487593136,1049263649,1724318306,1349942046,-970100299,-1751547433,296734
68,-1711266638,2111571914,1066000202,-2087404156,-1978635646,-87860840,-18323671
4,-1156752228,450891308,-1784329822,1026940593,-626661510,1690345876,263731144,2
090517780,-1186872565,1717094075,-1543505138,-2026548548,-224849574,-938937647,-
1186708065,2011969362,-1857720270,-60012406,783283982,1114633126,1281818624,2147
179951,-586735395,1361666147,49649403,432898038,109330753,1632581119,1050920072,
528207125,1330509861,789940721,678103256,505557522,-1198179730,604042536,9517396
05,-360602147,2018297726,1498830776,-851990979,2051158818,-410721028,548498903,-
298707955,1213539673,-513596204,615623178,765910817,1719102752,-1933624966,-1815
050087,-1444119782,2110853067,-363160459,1733382217,-1644313727,549205561,565906
201,944927819,-1989963478,799125227,1722162580,-184513680,-641915940,-218138799,
825850925,669585568,-538147792,-1400528796,-1566312759,-479469429,987677112,-212
4438917,1350730415,-2092193634,32911714,2140042328,1356456590,-1771914438,-17266
07332,-529598078,-1062404931,-495813343,944352697,1247583192,-549837884,-1810472
910,-1861188588,1936761955,2010502425,1289101142,-615948684,-1486477459,-1950222
92,1633202107,-1279822543,-1835362352,-1838860378,968104769,-701390443,-18086733
90,-724470034,1709193267,-1653961210,2035567535,-330410514,-666242504,307889762,
597094710,1882986774,-662497142,893865131,1014448537,-498287713,-535304858,12490
56229,2013331519,-692397550,863711940,1415746366,-930129060,-81349879,-383840183
,97004397,-978533886,370147894,-257773957,-1794291619,672727417,-118670942,-8699
69100,2071813387,1558740429,1055481144,230116186,168789933,1371871654,-767916926
,-1964077618,500266006,2085888349,303974068,-1734900829,-571547049,2125778253,-1
821240089,-1065047663,-1923222105,-1423757464,-705706328,-2088436055,-634933371,
-927260661,-402432846,426865739,877935389,-1688601068,-1823916551,-1050520745,-1
770853143,1352554034,-1952058647,-1811952991,1237490330,1410221437,2063606509,70
3896231,-805228745,-1403671736,597448755,-2004970873,-53502076,598343220,8569358
55,1713590828,-390094170,1565186182,1072843614,-109181495,-2013506811,-635039814
,-873638706,-1539895671,-829219981,244935513,-994103844,-1408217979,744625292,18
9845257,-576685634,1411087863,-895732130,1531866084,2070083650,1208543150,-17957
51350,1493683468,-1926650539,1805433539,-1200355029,1554666364,1271316168,405799
5,-1580600906,-2055473886,-105810865,-1297453619,-445717727,6148907,-1650407988,
-1027110346,-616368119,1299119007,-775433269,-1751793397,1473912207,-1496520146,
565061198,-1321177570,224723650,-898229174,1353264588,-883842557,2117991490,1229
802615,-1023999371,553903237,1259175971,-1657263904,595207609,-1514974123,-96287
9984,1751521580,969225,594565122,422778802,-1615992944,-158702371,-1850649553,49
8072913,-2112790234,-1403973896,-702211328,1109815993,-1621048963,714274536,-104
6148905,-701530016,-1879409294,-651925039,994411070,-791571257,1605255488,-13091
98740,-343292124,-133490145,230602195,658009675,-1716203699,1945814061,-46947497
3,1443154273,1295787013,-1213433232,-2027014338,1070051263,-1520866539,-19881322
22,35924710,-1540182623,2025559801,-1791570243,780786269,-1244146262,-1352994736
,1369052447,1012900797,56808812,1751706773,-473427344,-1161446899,-1888141267,-5
63902963,-1977901661,-1545859760,824136678,-616101631,-1195872389,-842589728,922
303628,1860143663,-239975824,47182587,-1495393900,960232059,47820498,581278875,1
413892530,-1153627157,858023725,247629964,-415285022,-1085449261,163002604,11394
93561,235433131,-1943267763,-124619454,-489662265,1934289568,-203094291,14233861
82,1238558950,-218786519,1893649076,649540703,31736805,1739893377,1661867843,206
3196128,1619664517,-888237568,-548877487,-2144849163,-1593946608,35292059,582335
584,1498927038,376532011,-790784599,-597625427,1888730810,-110248471,1313043689,
-555033498,-1293573784,-1302760926,-1833481533,1818094880,-2147291862,1662356227
,2069861836,-300022136,-1215196566,298157799,1006205069,184251738,-1374145535,19
90925413,424428165,1835185553,1937953493,-1892934229,1179367277,1806933214,-1793
01950,-135014644,-1110615875,1689150043,643528124,1882488022,-756927123,-2113489
023,1984087603,134806631,-1848474626,-1290279335,1115091384,-1678261121,-1414034
759,296986864,-891315489,529848537,-2034918857,-1021891058,1412084068,1497515254
,-321675742,1190952743,-1045283950,1360249402,1937311804,1187593107,1359459298,-
1798265542,-1786406498,-689611525,-2128666912,-1827346858,-636826045,-1138099947
,-1894302380,798185859,-1045958971,-411814767,1386577567,309881196,1417776232,96
2059092,1679628132,1424714170,-1965069482,-1074703899,1444765800,212915376,-3628
32086,13980709,-321461828,-655587332,-774283856,19313988,486125083,-1308404534,2
31721963,499422449,-1136856433,-1633913062,-275822247,631258578,-1383571880,2645
87349,1088879988,1210786100,-1296021746,103956764,243444602,-1981012987,18485527
10,1117789793,-1562079121,1362079999,2106393588,-480789063,1811959649,2094711847
,2024727503,-254933775,-445468692,-1755585673,1036617211,-77010720,22950654,1472
051416,1432531618,-1940101250,1776533981,1121567060,399868516,1269991731,-179113
2825,-1633073782,-562063312,-580338318,-965352551,162991970,1787443058,147145690
3,-1262028460,-390885117,190077552,-1805375315,1938781788,2082697475,-1367626512
,2137051237,-722485853,-801886241,-1551298788,-464428028,553794501,414112427,-46
693209,-581258100,1538670037,721846027,1516319793,621019581,860455512,1754059875
,-2138678551,-315128468,291702927,-893071797,-772155278,-1117521387,684417530,60
0968263,-911657207,-104910675,-1178105318,1158535861,-964111387,363366842,-14917
61033,-575260409,-795112480,-1825905242,360800483,-2084431564,1637847125,2955264
81,1881314815,953306218,1532282953,1298557926,188072444,490950918,896098766,1390
288625,2140473764,593556934,218298278,1179601327,-1193972327,884311614,-53831701
9,1125754533,-1879360034,1535079561,-581897639,-202032523,-1394986092,1648309314
,-1774146963,1716598510,1208743175,996981428,2007080524,-1160120988,126420970,59
1910990,-1746478717,890690623,-1880623648,231366491,1112817514,1278198743,702646
36,-1833317392,166604419,1053699712,240826378,-1445273306,234838051,-1944197150,
-1436038321,1765896074,-1169887152,1408196492,236593293,-1748813614,1823807979,1
073435337,659681164,-980704045,183513873,943856051,-1962586539,1019919281,826402
236,-2070860922,-824498816,2089392470,89268398,1562455608,-412780880,1335545382,
376102032,-1940183737,1157232988,-1314037519,-1788554921,1673040851,1227739602,-
1803655638,-835715096,-1513675282,-1896978825,-1221959593,-1392659459,1732785456
,-1623484591,1637998026,-116694456,-1988838257,-1937613881,-164165745,1326089943
,1331629935,-1902769496,-346778202,-986716232,1886742518,1498108012,-548676493,4
7570910,-1440669534,128915384,-666376333,-1244916156,848047390,-706320347,576836
913,1866515794,1317119570,1134722883,1573841018,306738813,-1401979461,423405529,
-1355447602,-569813453,1183329274,695440239,605977623,-1115356170,-1375310159,-1
983890928,2105904030,-1492843832,1099753867,-615316407,1921889851,-182473272,-25
7278310,-1632812169,491877837,1130779932,242905574,1809464384,-1546285589,-11966
28209,-714658748,-917878945,253444569,-923383429,-1643335323,-1152627547,5757582
71,1492961131,1798970672,-2044224450,-1540926186,-1923401990,-1928086446,-112679
8798,742244451,1868086143,-44854251,-698388435,1723544617,-246233107,-156308114,
-1546651264,-1610997991,-54180491,693401435,-1596596888,-1973482099,334922350,13
18114412,-1191597169,1346877493,826297720,1032824736,-75952431,1679660049,771317
980,-1019317132,1472211522,1619613599,-1694465480,-548641226,-595397523,-3563741
85,-723027366,-397520224,1400362208,1761864533,2109294954,2030078883,867370982,-
1088694186,-429409460,-391588734,77565076,1662969319,-774553531,1888914976,18051
32040,-63365159,461090270,-1060606308,-31321875,-1650298631,1807371270,170566249
1,315087428,262999295,1136480892,1090134758,-359535520,955969477,185121389,20096
57014,-316570320,-640965191,1755449435,396119884,-781455167,-344698474,137327059
0,1420912709,-317673724,1441473359,-659028497,-1554068435,-1000881202,-847367091
,1677898690,-1902759213,348697886,-895255332,-1695981198,-1920640291,1952906148,
-303442208,1850698051,2052729501,-7804545,1108197837,-1984485021,-1406933980,-13
53397433,-299246634,-708278381,1439924374,-1831286964,-1979235227,1451166981,-14
02927427,1153842974,-1500292147,-823099771,-1240862495,-674547890,-1133669316,-1
263004452,-2068449832,1401620853,312297460,-587056782,2104904026,2084299891,2580
33851,-1389171916,1865131929,-1092821254,1159797905,-114053194,1514422286,-11397
28309,763567010,-1722141542,1805669270,194896704,614097788,-1577810640,-19366149
78,847009675,-1774660734,-2039285664,167887196,630957375,1868859042,-768656698,8
83826785,322344590,1172799044,1088100637,-1131387157,1288580049,134247043,161948
8479,693856671,-1950048818,1714912160,-951231190,840914742,-359230921,-917665612
,110767591,-703828650,-1934293393,1179801510,1713014567,-1202552668,251671698,16
57823838,1346425550,1629940760,2061498037,1529115961,2054225524,-1511965807,-177
8389909,2095899325,-1295288439,440575403,-2002295159,1201408143,496371641,-85854
3922,-1263182548,-450192990,205976975,-1335304312,2000188409,1827234226,20161201
58,-188456931,1856622756,-1032653326,-893880738,-1336558756,1070057396,-10277665
26,2104293395,-1658851658,-1290787962,290441253,-1151331340,179723658,1691847058
,932028337,1315772233,124003780,1644577259,-1473309497,33032534,1651139496,18025
93545,416263749,-2057561673,-916244248,-1177308212,60831482,-135007476,-49052595
5,1013521849,1127947034,1757582807,-411161419,-1406584440,-627846414,1942036387,
-574265590,-308431902,453643997,-960257434,921343283,1533147236,2057082999,-1207
439318,-1302034434,859281640,-868639470,-128188696,-940661667,-3950842,741397863
,183093429,-87396033,2028499926,314982031,-861811679,1478658211,884845049,518379
570,893554909,42926056,1663890904,1257315326,-603564899,-860775576,774459436,157
2184668,-1444363202,1157521734,-1198833984,-1988351905,-2087426775,882368388,-71
2417421,-1959007490,350950135,-212485798,-1294741118,-1142223996,-936331945,-183
0531133,-1890860795,-1510706874,-757853650,-2096785062,-127887176,-1866179436,56
7992318,-1325990555,671587836,-729899278,266861706,65979952,-1118405858,17416306
00,-1360368712,-121471332,-1447167016,-102991143,1331888823,1051021049,-85753853
8,-1974017871,257090402,-687100655,-652547844,-1850741918,-1698780187,447607687,
-92306394,1801903408,669056672,-1515670432,447887663,-1803663094,418104905,-8597
76289,2066611574,-1341325444,1299896918,499347607,-2142973411,1676624099,1301735
323,218601916,-1497739182,1067051232,-664649424,303307962,-33880109,2131429135,-
2140865130,358451466,1627042734,-606168838,1601307675,824824130,1202260294,10484
02249,204893819,663809132,-351263331,-1049601987,-1688280375,1335972506,-7038656
51,-1730981539,375671182,1537239223,480571352,-807079312,1911981105,2053877665,-
1811256157,-1363474517,-301791336,-1241691531,1160526909,-99368659,-1453097203,2
85978666,1945477990,1598457257,-752788637,-2050220957,891631949,-27818398,-20904
05286,-405433473,1825151130,1680377949,-435875263,-886960653,-279392594,-1496574
253,-1063342628,-1305436454,-1620325081,-168422681,-26114938,1699129802,35152295
,-779103081,1270999703,1960082410,602601430,2020004085,-1428023799,150199363,-93
1124825,-1056802409,-1931472041,-2146670764,-20946472,1855113548,1473005223,2123
647466,330765502,872755730,-458941143,838086447,-32517312,1999986758,-555724097,
-1467550206,2083339297,104695579,261484511,-2135228025,2129006468,1357654606,104
4898743,1364801792,-1696765781,407968025,1901092496,-857634084,444293632,6452383
74,2011615350,-2112977139,713729879,-2144851386,-942821354,-75864928,2070919794,
-487376734,-660935192,-1604712824,1359244743,19691825,-962545777,409555900,-6197
51041,-836248406,-411308163,350353026,-798863680,-1937118404,439811292,-10629061
01,646909229,817383484,-48539734,-109320896,541540011,-915536098,320238885,-7303
97219,-1940947610,1080837544,46495847,-1888307523,790554645,625655651,-118909867
0,1907965557,-250115972,1416384082,-641760337,-37586139,-882896848,1812991207,-9
59563629,-166189940,-1923305569,1636011315,713698308,1465324891,-188019887,-3950
93666,1282829530,156397516,-226815127,-27315880,1545557224,-380489356,363479408,
204093903,-1148778660,1870170710,-134578093,1875775586,858903396,-1857844423,-46
8630870,-533923563,-641097964,-483524803,1355582269,1023514884,1500495493,-16871
90359,-1424004158,-51023267,-1667179713,-135972600,-2004107798,1271698825,128773
7306,-1458828171,-63169892,1254046634,-330818591,1143377971,-1463954559,-9916420
37,-1232579593,-562015102,1213887169,-909565868,253243966,-1815434833,1175586061
,2071612,1793075957,1504008298,1630941662,1653828484,2093001058,-1573182114,-173
906435,-122176671,-1881220880,-267963396,-1567255483,1042219705,1502387866,-1665
852264,707842213,1233628498,-321640824,-1255945801,-2088122006,-1506717625,-6437
82151,-326700888,2037080764,1900862396,1636454753,1219082579,-1884555161,-309363
245,-1942202668,1230039375,1227426268,1592077023,-2054927197,750495288,-20068873
04,541195992,1324854341,Press any key to continue . . .